<!DOCTYPE HTML>
<html>
  <head>
    <meta charset="UTF-8">
    <title>TOMTOM</title>
    <script>
      // @JSON_VAR data
      var data = {
        "program": "Tomtom",
        "version": "5.0.3",
        "release": "Sun Dec 02 18:41:45 2018 -0800",
        "cmd": [
          "tomtom", "-dist", "ed", "-thresh", "0.05", "-oc",
          "results/Basset_noEmbd/Motif_Analysis_Negative/tomtom",
          "results/Basset_noEmbd/Motif_Analysis_Negative/filters_meme.txt",
          "/s/jawar/h/nobackup/fahad/MEME_SUITE/motif_databases/CIS-BP/Homo_sapiens.meme"
        ],
        "options": {
          "strands": "both",
          "distance_measure": "ed",
          "threshold_type": "qvalue",
          "threshold_value": 0.05,
          "background_source": "--query--"
        },
        "alphabet": {
          "name": "DNA",
          "like": "dna",
          "ncore": 4,
          "symbols": [
            {
              "symbol": "A",
              "name": "Adenine",
              "colour": "CC0000",
              "complement": "T"
            }, {
              "symbol": "C",
              "name": "Cytosine",
              "colour": "0000CC",
              "complement": "G"
            }, {
              "symbol": "G",
              "name": "Guanine",
              "colour": "FFB300",
              "complement": "C"
            }, {
              "symbol": "T",
              "aliases": "U",
              "name": "Thymine",
              "colour": "008000",
              "complement": "A"
            }, {
              "symbol": "N",
              "aliases": "X.",
              "name": "Any base",
              "equals": "ACGT"
            }, {
              "symbol": "V",
              "name": "Not T",
              "equals": "ACG"
            }, {
              "symbol": "H",
              "name": "Not G",
              "equals": "ACT"
            }, {
              "symbol": "D",
              "name": "Not C",
              "equals": "AGT"
            }, {
              "symbol": "B",
              "name": "Not A",
              "equals": "CGT"
            }, {
              "symbol": "M",
              "name": "Amino",
              "equals": "AC"
            }, {
              "symbol": "R",
              "name": "Purine",
              "equals": "AG"
            }, {
              "symbol": "W",
              "name": "Weak",
              "equals": "AT"
            }, {
              "symbol": "S",
              "name": "Strong",
              "equals": "CG"
            }, {
              "symbol": "Y",
              "name": "Pyrimidine",
              "equals": "CT"
            }, {
              "symbol": "K",
              "name": "Keto",
              "equals": "GT"
            }
          ]
        },
        "background": [0.25, 0.25, 0.25, 0.25],
        "query_dbs": [
          {
            "source": "results/Basset_noEmbd/Motif_Analysis_Negative/filters_meme.txt",
            "name": "filters_meme.txt",
            "loaded": 200,
            "excluded": 0,
            "last_modified": "Wed Aug 26 00:02:46 2020"
          }
        ],
        "target_dbs": [
          {
            "source": "/s/jawar/h/nobackup/fahad/MEME_SUITE/motif_databases/CIS-BP/Homo_sapiens.meme",
            "name": "Homo_sapiens",
            "loaded": 733,
            "excluded": 0,
            "last_modified": "Tue Aug 28 14:58:21 2018"
          }
        ],
        "queries": [
          {
            "db": 0,
            "id": "filter0",
            "len": 13,
            "nsites": 3401,
            "pwm": [
              [0.442894, 0.124804, 0.423495, 0.00880709], 
              [0.346263, 0.0830966, 0.21058, 0.360061], 
              [0.471046, 0.387357, 0.140089, 0.00150716], 
              [0.543591, 0.112504, 0.159803, 0.184102], 
              [0.538892, 0.0881048, 0.230001, 0.143003], 
              [0.781263, 0.0258092, 0.0734125, 0.119516], 
              [0.033803, 0.0479012, 0.916789, 0.00150716], 
              [0.307798, 0.195902, 0.2382, 0.2581], 
              [0.31453, 0.208522, 0.237324, 0.239624], 
              [0.357397, 0.188302, 0.223501, 0.230801], 
              [0.295428, 0.189421, 0.246425, 0.268726], 
              [0.325098, 0.188002, 0.230801, 0.2561], 
              [0.304798, 0.200301, 0.2347, 0.2602]
            ]
          }, {
            "db": 0,
            "id": "filter1",
            "len": 13,
            "nsites": 2491,
            "pwm": [
              [0.0337087, 0.00041002, 0.959872, 0.00600979], 
              [0.522989, 0.0906064, 0.0822067, 0.304198], 
              [0.437249, 0.187184, 0.0437039, 0.331864], 
              [0.113805, 0.0906064, 0.548288, 0.2473], 
              [0.100606, 0.00760973, 0.157104, 0.734681], 
              [0.0561134, 0.353531, 0.524641, 0.065714], 
              [0.0569078, 0.0645074, 0.826077, 0.0525079], 
              [0.280171, 0.225278, 0.254074, 0.240476], 
              [0.289398, 0.211202, 0.2377, 0.2617], 
              [0.315029, 0.16552, 0.257325, 0.262126], 
              [0.284599, 0.195602, 0.2529, 0.266899], 
              [0.289398, 0.195602, 0.2433, 0.271699], 
              [0.2565, 0.207602, 0.2569, 0.278999]
            ]
          }, {
            "db": 0,
            "id": "filter10",
            "len": 13,
            "nsites": 2069,
            "pwm": [
              [0.397993, 0.0560094, 0.476089, 0.0699087], 
              [0.574927, 0.0642026, 0.0039115, 0.356959], 
              [0.45199, 0.00101203, 0.00191199, 0.545086], 
              [0.194903, 0.690779, 0.0863079, 0.0280107], 
              [0.0342138, 0.73905, 0.142819, 0.0839164], 
              [0.0183112, 0.00481185, 0.0140114, 0.962866], 
              [0.084408, 0.238301, 0.559085, 0.118206], 
              [0.310197, 0.218002, 0.198302, 0.273499], 
              [0.289398, 0.2422, 0.193903, 0.274499], 
              [0.298598, 0.196303, 0.200202, 0.304897], 
              [0.292298, 0.220901, 0.212302, 0.274499], 
              [0.308697, 0.213202, 0.167404, 0.310697], 
              [0.283598, 0.224801, 0.197303, 0.294298]
            ]
          }, {
            "db": 0,
            "id": "filter100",
            "len": 13,
            "nsites": 2533,
            "pwm": [
              [0.92898, 0.042204, 0.0150078, 0.0138079], 
              [0.0319118, 0.113917, 0.49744, 0.356731], 
              [0.143504, 0.372095, 0.128905, 0.355496], 
              [0.00391011, 0.377633, 0.215223, 0.403234], 
              [0.0497029, 0.92818, 0.0122082, 0.00990849], 
              [0.0698071, 0.480491, 0.0950061, 0.354696], 
              [0.0871151, 0.679551, 0.0378122, 0.195522], 
              [0.310998, 0.270399, 0.134005, 0.284599], 
              [0.2594, 0.2566, 0.236901, 0.2471], 
              [0.241624, 0.274326, 0.230224, 0.253825], 
              [0.255025, 0.275127, 0.208522, 0.261326], 
              [0.242, 0.271999, 0.235301, 0.2507], 
              [0.251075, 0.28617, 0.21088, 0.251875]
            ]
          }, {
            "db": 0,
            "id": "filter101",
            "len": 13,
            "nsites": 1039,
            "pwm": [
              [0.185006, 0.279997, 0.0499193, 0.485077], 
              [0.398786, 0.0336208, 0.553171, 0.0144227], 
              [0.224402, 0.553171, 0.171608, 0.0508192], 
              [0.0671176, 0.506175, 0.402685, 0.0240217], 
              [0.197505, 0.00962314, 0.372988, 0.419884], 
              [0.612604, 0.0125216, 0.0537135, 0.321161], 
              [0.317394, 0.072917, 0.129412, 0.480278], 
              [0.266498, 0.224402, 0.2464, 0.262699], 
              [0.270398, 0.231102, 0.196505, 0.301995], 
              [0.241625, 0.261725, 0.209025, 0.287625], 
              [0.277997, 0.226302, 0.215703, 0.279997], 
              [0.301995, 0.215703, 0.242601, 0.239701], 
              [0.266498, 0.217603, 0.219603, 0.296296]
            ]
          }, {
            "db": 0,
            "id": "filter102",
            "len": 13,
            "nsites": 2678,
            "pwm": [
              [0.243476, 0.0689999, 0.57863, 0.108894], 
              [0.233777, 0.382557, 0.0190067, 0.364659], 
              [0.853777, 0.0746065, 0.0149088, 0.0567072], 
              [0.925467, 0.00370957, 0.0488124, 0.0220107], 
              [0.214801, 0.223301, 0.146204, 0.415694], 
              [0.0515074, 0.113305, 0.279999, 0.555189], 
              [0.342997, 0.416894, 0.178203, 0.061907], 
              [0.361296, 0.193902, 0.148004, 0.296798], 
              [0.313166, 0.173785, 0.202082, 0.310967], 
              [0.296769, 0.178985, 0.217379, 0.306867], 
              [0.302398, 0.188702, 0.205402, 0.303498], 
              [0.318797, 0.189002, 0.172303, 0.319897], 
              [0.307998, 0.195702, 0.201002, 0.295298]
            ]
          }, {
            "db": 0,
            "id": "filter103",
            "len": 13,
            "nsites": 3797,
            "pwm": [
              [0.847384, 0.00130655, 0.148103, 0.0032065], 
              [0.583291, 0.325398, 0.0897042, 0.00160654], 
              [0.200201, 0.0542052, 0.107604, 0.63799], 
              [0.000306576, 0.000506571, 0.785786, 0.213401], 
              [0.122603, 0.172802, 0.0487053, 0.655889], 
              [0.576391, 0.0563051, 0.00870635, 0.358597], 
              [0.687488, 0.237, 0.00840636, 0.0671048], 
              [0.365397, 0.167602, 0.157302, 0.309698], 
              [0.316198, 0.193101, 0.182602, 0.308098], 
              [0.325965, 0.192282, 0.187083, 0.294669], 
              [0.331798, 0.174702, 0.190202, 0.303299], 
              [0.315198, 0.187802, 0.196301, 0.300699], 
              [0.327298, 0.176502, 0.181002, 0.315198]
            ]
          }, {
            "db": 0,
            "id": "filter104",
            "len": 13,
            "nsites": 4723,
            "pwm": [
              [0.153202, 0.71079, 0.113403, 0.0226048], 
              [0.487644, 0.00530571, 0.0630103, 0.44404], 
              [0.0689969, 0.526042, 0.389258, 0.0157034], 
              [0.367261, 0.298469, 0.166285, 0.167985], 
              [0.0216048, 0.522094, 0.0461043, 0.410197], 
              [0.0789036, 0.164402, 0.0795036, 0.677191], 
              [0.0241072, 0.341432, 0.201821, 0.432639], 
              [0.2473, 0.2625, 0.193601, 0.296599], 
              [0.264626, 0.233124, 0.238624, 0.263626], 
              [0.300599, 0.220001, 0.198201, 0.281199], 
              [0.286399, 0.2401, 0.208201, 0.2653], 
              [0.277999, 0.2488, 0.202001, 0.2712], 
              [0.241176, 0.246875, 0.193982, 0.317967]
            ]
          }, {
            "db": 0,
            "id": "filter105",
            "len": 13,
            "nsites": 1375,
            "pwm": [
              [0.141394, 0.0914024, 0.428544, 0.33866], 
              [0.0384192, 0.00291826, 0.926043, 0.0326191], 
              [0.714266, 0.0094175, 0.235001, 0.0413152], 
              [0.189304, 0.286397, 0.452485, 0.071813], 
              [0.0486146, 0.0377154, 0.884654, 0.0290161], 
              [0.0464148, 0.287197, 0.475684, 0.190704], 
              [0.630172, 0.0094175, 0.326294, 0.0341157], 
              [0.177687, 0.139994, 0.477836, 0.204483], 
              [0.200904, 0.233501, 0.424187, 0.141408], 
              [0.422787, 0.187105, 0.203003, 0.187105], 
              [0.190704, 0.219002, 0.434387, 0.155907], 
              [0.294426, 0.173323, 0.332127, 0.200124], 
              [0.447386, 0.130509, 0.237901, 0.184205]
            ]
          }, {
            "db": 0,
            "id": "filter106",
            "len": 13,
            "nsites": 3103,
            "pwm": [
              [0.591589, 0.00640785, 0.207601, 0.194402], 
              [0.0370069, 0.581589, 0.0798055, 0.301598], 
              [0.0496015, 0.528438, 0.00290767, 0.419053], 
              [0.160587, 0.0171058, 0.0570005, 0.765307], 
              [0.221101, 0.000308047, 0.129104, 0.649487], 
              [0.130991, 0.112993, 0.0570005, 0.699016], 
              [0.266199, 0.0193074, 0.00510789, 0.709385], 
              [0.228501, 0.195702, 0.172502, 0.403295], 
              [0.271599, 0.191802, 0.161603, 0.374996], 
              [0.270399, 0.191502, 0.174102, 0.363996], 
              [0.269726, 0.206622, 0.159619, 0.364033], 
              [0.262626, 0.212722, 0.160919, 0.363733], 
              [0.306429, 0.18152, 0.161219, 0.350832]
            ]
          }, {
            "db": 0,
            "id": "filter107",
            "len": 13,
            "nsites": 2554,
            "pwm": [
              [0.380795, 0.323297, 0.132505, 0.163403], 
              [0.111805, 0.0672072, 0.0129093, 0.808078], 
              [0.125905, 0.2561, 0.568388, 0.0496078], 
              [0.440593, 0.362796, 0.00660953, 0.190002], 
              [0.716582, 0.2408, 0.020709, 0.0219089], 
              [0.874476, 0.00550957, 0.0641073, 0.0559076], 
              [0.0383083, 0.0809066, 0.0172091, 0.863576], 
              [0.236501, 0.2428, 0.218901, 0.301798], 
              [0.274026, 0.238124, 0.17472, 0.313129], 
              [0.277171, 0.247075, 0.174386, 0.301368], 
              [0.292798, 0.191202, 0.196202, 0.319797], 
              [0.296728, 0.206822, 0.217723, 0.278727], 
              [0.283427, 0.240824, 0.191921, 0.283827]
            ]
          }, {
            "db": 0,
            "id": "filter108",
            "len": 13,
            "nsites": 1553,
            "pwm": [
              [0.0154151, 0.460486, 0.196503, 0.327595], 
              [0.326895, 0.588278, 0.0231146, 0.0617121], 
              [0.130408, 0.00191597, 0.0308141, 0.836862], 
              [0.0694116, 0.143207, 0.0841107, 0.703271], 
              [0.0116142, 0.330062, 0.601117, 0.0572067], 
              [0.929263, 0.00711493, 0.0475083, 0.0161135], 
              [0.00831639, 0.0713186, 0.492634, 0.427731], 
              [0.260099, 0.211302, 0.238901, 0.289697], 
              [0.2537, 0.236401, 0.202303, 0.307596], 
              [0.258199, 0.226102, 0.204203, 0.311496], 
              [0.2531, 0.2447, 0.199703, 0.302497], 
              [0.265926, 0.224124, 0.201023, 0.308927], 
              [0.258199, 0.223502, 0.213202, 0.305096]
            ]
          }, {
            "db": 0,
            "id": "filter109",
            "len": 13,
            "nsites": 1505,
            "pwm": [
              [0.0596127, 0.0318145, 0.155106, 0.753467], 
              [0.672572, 0.0225151, 0.00401634, 0.300897], 
              [0.409489, 0.510883, 0.023915, 0.0557129], 
              [0.441987, 0.432088, 0.0762115, 0.0497133], 
              [0.178287, 0.105399, 0.708299, 0.00801528], 
              [0.0908106, 0.133208, 0.136508, 0.639474], 
              [0.182205, 0.10011, 0.039814, 0.677872], 
              [0.253125, 0.192823, 0.204823, 0.349228], 
              [0.271026, 0.192223, 0.187523, 0.349228], 
              [0.283598, 0.211403, 0.179605, 0.325395], 
              [0.304766, 0.185586, 0.196184, 0.313464], 
              [0.310127, 0.198123, 0.192823, 0.298927], 
              [0.303496, 0.192204, 0.190204, 0.314096]
            ]
          }, {
            "db": 0,
            "id": "filter11",
            "len": 13,
            "nsites": 2646,
            "pwm": [
              [0.00600922, 0.663784, 0.00450928, 0.325697], 
              [0.891987, 0.0988958, 0.00340898, 0.00570866], 
              [0.499591, 0.0038093, 0.116205, 0.380395], 
              [0.285299, 0.645985, 0.0038093, 0.064907], 
              [0.180003, 0.317697, 0.00190938, 0.500391], 
              [0.864477, 0.0932059, 0.0419079, 0.000409433], 
              [0.0789065, 0.118505, 0.0766066, 0.725982], 
              [0.293598, 0.161503, 0.2555, 0.289399], 
              [0.307198, 0.183003, 0.173603, 0.336197], 
              [0.318097, 0.192802, 0.170603, 0.318497], 
              [0.310598, 0.193202, 0.201102, 0.295098], 
              [0.324897, 0.196202, 0.189802, 0.289099], 
              [0.306398, 0.211701, 0.190202, 0.291698]
            ]
          }, {
            "db": 0,
            "id": "filter110",
            "len": 13,
            "nsites": 2907,
            "pwm": [
              [0.2374, 0.193702, 0.0976052, 0.471292], 
              [0.00550786, 0.502541, 0.0574009, 0.43455], 
              [0.0474117, 0.00790912, 0.0374111, 0.907268], 
              [0.0512068, 0.736483, 0.188302, 0.0240078], 
              [0.280999, 0.584289, 0.000708576, 0.134004], 
              [0.114105, 0.368896, 0.00240852, 0.514591], 
              [0.703484, 0.124404, 0.0199079, 0.152203], 
              [0.330097, 0.212001, 0.201302, 0.2566], 
              [0.307498, 0.190302, 0.212301, 0.289899], 
              [0.261426, 0.226723, 0.215723, 0.296128], 
              [0.298498, 0.198602, 0.191002, 0.311898], 
              [0.266926, 0.211622, 0.228424, 0.293028], 
              [0.279271, 0.232577, 0.201981, 0.28617]
            ]
          }, {
            "db": 0,
            "id": "filter111",
            "len": 13,
            "nsites": 1817,
            "pwm": [
              [0.934062, 0.00661339, 0.000513731, 0.0588105], 
              [0.42609, 0.347595, 0.0275122, 0.198803], 
              [0.902264, 0.0159129, 0.0692099, 0.0126131], 
              [0.00491349, 0.00771333, 0.0445113, 0.942862], 
              [0.382193, 0.0752096, 0.530485, 0.0121131], 
              [0.174622, 0.554139, 0.14222, 0.12902], 
              [0.742973, 0.0560107, 0.013713, 0.187303], 
              [0.289998, 0.186703, 0.216902, 0.306397], 
              [0.333329, 0.194923, 0.180722, 0.291027], 
              [0.295398, 0.210902, 0.185604, 0.308097], 
              [0.343795, 0.179604, 0.184504, 0.292098], 
              [0.314096, 0.206502, 0.179004, 0.300397], 
              [0.314065, 0.189484, 0.192784, 0.303667]
            ]
          }, {
            "db": 0,
            "id": "filter112",
            "len": 13,
            "nsites": 4649,
            "pwm": [
              [0.328765, 0.0400005, 0.198181, 0.433053], 
              [0.211901, 0.451296, 0.0591041, 0.277699], 
              [0.0585041, 0.015905, 0.000205373, 0.925385], 
              [0.0236049, 0.434296, 0.0456044, 0.496495], 
              [0.987183, 0.00640588, 0.000405409, 0.00600585], 
              [0.601092, 0.0552042, 0.2472, 0.0965033], 
              [0.561937, 0.0498993, 0.00110524, 0.387058], 
              [0.310999, 0.174902, 0.208901, 0.305199], 
              [0.297899, 0.183501, 0.183801, 0.334798], 
              [0.295529, 0.212322, 0.167819, 0.324331], 
              [0.306899, 0.198801, 0.180501, 0.313799], 
              [0.306868, 0.178184, 0.174084, 0.340864], 
              [0.306299, 0.187401, 0.203501, 0.302799]
            ]
          }, {
            "db": 0,
            "id": "filter113",
            "len": 13,
            "nsites": 1782,
            "pwm": [
              [0.817968, 0.156205, 0.00171393, 0.0241127], 
              [0.436733, 0.223424, 0.0694171, 0.270426], 
              [0.164621, 0.0134146, 0.567739, 0.254225], 
              [0.0571108, 0.2503, 0.498286, 0.194303], 
              [0.119807, 0.556583, 0.0789096, 0.2447], 
              [0.43279, 0.100208, 0.261499, 0.205502], 
              [0.0571165, 0.162921, 0.645042, 0.13492], 
              [0.2475, 0.238501, 0.233501, 0.280498], 
              [0.269899, 0.260899, 0.264299, 0.204903], 
              [0.281626, 0.187022, 0.258125, 0.273226], 
              [0.231778, 0.254774, 0.268772, 0.244676], 
              [0.256425, 0.254225, 0.239625, 0.249725], 
              [0.227901, 0.2486, 0.2497, 0.273799]
            ]
          }, {
            "db": 0,
            "id": "filter114",
            "len": 13,
            "nsites": 1868,
            "pwm": [
              [0.934763, 0.0182124, 0.0299118, 0.0171125], 
              [0.0230122, 0.211002, 0.693376, 0.0726095], 
              [0.0219144, 0.0630163, 0.0881175, 0.826952], 
              [0.0288147, 0.274626, 0.545939, 0.15062], 
              [0.211523, 0.728147, 0.0534159, 0.0069137], 
              [0.185385, 0.160289, 0.0497058, 0.604621], 
              [0.555039, 0.000513406, 0.0646164, 0.379831], 
              [0.2463, 0.223301, 0.2569, 0.273499], 
              [0.2425, 0.2495, 0.213102, 0.294898], 
              [0.274599, 0.203003, 0.200303, 0.322096], 
              [0.286298, 0.2436, 0.184803, 0.285298], 
              [0.261799, 0.233401, 0.207302, 0.297497], 
              [0.299697, 0.195003, 0.204602, 0.300697]
            ]
          }, {
            "db": 0,
            "id": "filter115",
            "len": 13,
            "nsites": 1598,
            "pwm": [
              [0.653575, 0.165405, 0.114208, 0.0668115], 
              [0.0287138, 0.505584, 0.0350135, 0.430689], 
              [0.09051, 0.303997, 0.100509, 0.504984], 
              [0.257174, 0.614816, 0.089901, 0.0381095], 
              [0.0655181, 0.063018, 0.00751592, 0.863948], 
              [0.778367, 0.0187145, 0.198503, 0.00441537], 
              [0.139807, 0.0949097, 0.216002, 0.549281], 
              [0.2441, 0.234101, 0.216602, 0.305197], 
              [0.27777, 0.177287, 0.169188, 0.375755], 
              [0.258399, 0.277798, 0.169805, 0.293997], 
              [0.318396, 0.197903, 0.184104, 0.299597], 
              [0.361429, 0.184123, 0.184123, 0.270326], 
              [0.327695, 0.181004, 0.185404, 0.305897]
            ]
          }, {
            "db": 0,
            "id": "filter116",
            "len": 13,
            "nsites": 2801,
            "pwm": [
              [0.189302, 0.00430877, 0.0235081, 0.782881], 
              [0.0656, 0.0812979, 0.0635003, 0.789602], 
              [0.502641, 0.0150069, 0.00500825, 0.477344], 
              [0.242076, 0.103395, 0.206081, 0.448448], 
              [0.124804, 0.749682, 0.055307, 0.0702064], 
              [0.491641, 0.152919, 0.0456119, 0.309829], 
              [0.129091, 0.036404, 0.759306, 0.0751987], 
              [0.281299, 0.210301, 0.223901, 0.284499], 
              [0.294498, 0.213901, 0.200702, 0.290899], 
              [0.304498, 0.188602, 0.202102, 0.304798], 
              [0.299098, 0.192502, 0.205002, 0.303398], 
              [0.289828, 0.213523, 0.193921, 0.302728], 
              [0.295198, 0.197502, 0.198202, 0.309098]
            ]
          }, {
            "db": 0,
            "id": "filter117",
            "len": 13,
            "nsites": 1731,
            "pwm": [
              [0.00521362, 0.691005, 0.0352089, 0.268572], 
              [0.930168, 0.0104128, 0.0167118, 0.0427077], 
              [0.0115138, 0.0202133, 0.0830096, 0.885263], 
              [0.387331, 0.0536167, 0.542937, 0.0161151], 
              [0.232301, 0.341795, 0.240301, 0.185604], 
              [0.707774, 0.0478117, 0.0115138, 0.232901], 
              [0.0375085, 0.0352089, 0.539429, 0.387853], 
              [0.397691, 0.145806, 0.214402, 0.2421], 
              [0.349329, 0.176922, 0.201723, 0.272026], 
              [0.42129, 0.160805, 0.178704, 0.239201], 
              [0.265699, 0.295097, 0.192503, 0.2467], 
              [0.259925, 0.272026, 0.196523, 0.271526], 
              [0.260499, 0.286998, 0.178104, 0.274399]
            ]
          }, {
            "db": 0,
            "id": "filter118",
            "len": 13,
            "nsites": 1528,
            "pwm": [
              [0.271499, 0.347294, 0.2533, 0.127908], 
              [0.0424136, 0.000716314, 0.317196, 0.639674], 
              [0.278698, 0.00911576, 0.671672, 0.0405137], 
              [0.0751114, 0.0039161, 0.903357, 0.0176152], 
              [0.110309, 0.0163153, 0.85506, 0.0183152], 
              [0.0587125, 0.843961, 0.0372139, 0.0601124], 
              [0.0372139, 0.0124155, 0.00261619, 0.947754], 
              [0.210203, 0.231101, 0.296997, 0.261699], 
              [0.257825, 0.220624, 0.223224, 0.298327], 
              [0.296997, 0.181504, 0.270199, 0.2513], 
              [0.2467, 0.205003, 0.259799, 0.288497], 
              [0.271526, 0.208924, 0.248025, 0.271526], 
              [0.281998, 0.197103, 0.2428, 0.278098]
            ]
          }, {
            "db": 0,
            "id": "filter119",
            "len": 13,
            "nsites": 2499,
            "pwm": [
              [0.560888, 0.122705, 0.305198, 0.0112096], 
              [0.207781, 0.553632, 0.124293, 0.114294], 
              [0.99517, 0.00120996, 0.000409988, 0.00320988], 
              [0.220101, 0.00120996, 0.777079, 0.00160994], 
              [0.215723, 0.0651139, 0.33003, 0.389133], 
              [0.207802, 0.566487, 0.099506, 0.126205], 
              [0.646384, 0.0180093, 0.0823067, 0.2533], 
              [0.314797, 0.180203, 0.2421, 0.262899], 
              [0.35716, 0.179785, 0.195383, 0.267673], 
              [0.316766, 0.208181, 0.200182, 0.274872], 
              [0.348396, 0.181803, 0.208502, 0.2613], 
              [0.327164, 0.189783, 0.198582, 0.28447], 
              [0.351961, 0.180185, 0.198182, 0.269672]
            ]
          }, {
            "db": 0,
            "id": "filter12",
            "len": 13,
            "nsites": 1411,
            "pwm": [
              [0.157607, 0.0587136, 0.551179, 0.232501], 
              [0.0855117, 0.00211757, 0.901754, 0.010617], 
              [0.288997, 0.095411, 0.0728126, 0.542779], 
              [0.672003, 0.188685, 0.122997, 0.0163149], 
              [0.823177, 0.00641662, 0.0375113, 0.132895], 
              [0.621174, 0.156907, 0.209203, 0.0127168], 
              [0.597175, 0.0120169, 0.346993, 0.0438146], 
              [0.322963, 0.157591, 0.28197, 0.237477], 
              [0.343459, 0.187286, 0.238877, 0.230378], 
              [0.325062, 0.184486, 0.238177, 0.252275], 
              [0.333594, 0.183705, 0.224002, 0.258699], 
              [0.325795, 0.180905, 0.232501, 0.260799], 
              [0.310996, 0.189404, 0.262899, 0.236701]
            ]
          }, {
            "db": 0,
            "id": "filter120",
            "len": 13,
            "nsites": 994,
            "pwm": [
              [0.174325, 0.621225, 0.105225, 0.0992251], 
              [0.285596, 0.365688, 0.208404, 0.140311], 
              [0.494025, 0.0240251, 0.312625, 0.169325], 
              [0.0651251, 0.856725, 0.00702514, 0.0711251], 
              [0.00302515, 0.867725, 0.124225, 0.00502515], 
              [0.119213, 0.138311, 0.182407, 0.560069], 
              [0.0491202, 0.0531198, 0.514973, 0.382787], 
              [0.201405, 0.217403, 0.395785, 0.185406], 
              [0.208404, 0.331692, 0.222403, 0.237501], 
              [0.205404, 0.380787, 0.172308, 0.241501], 
              [0.390786, 0.207404, 0.167308, 0.234502], 
              [0.374725, 0.210425, 0.197425, 0.217425], 
              [0.202405, 0.35169, 0.204405, 0.241501]
            ]
          }, {
            "db": 0,
            "id": "filter121",
            "len": 13,
            "nsites": 2314,
            "pwm": [
              [0.0216099, 0.100106, 0.860174, 0.01811], 
              [0.2519, 0.0587083, 0.0444089, 0.644983], 
              [0.287327, 0.319229, 0.153119, 0.240324], 
              [0.187221, 0.283427, 0.364131, 0.16522], 
              [0.654883, 0.0116103, 0.0255097, 0.307997], 
              [0.380894, 0.0526085, 0.182103, 0.384394], 
              [0.00171073, 0.0367092, 0.961169, 0.000410786], 
              [0.276099, 0.217001, 0.2446, 0.262299], 
              [0.305398, 0.195402, 0.214002, 0.285198], 
              [0.306698, 0.193702, 0.2498, 0.2498], 
              [0.296398, 0.226101, 0.225601, 0.2519], 
              [0.329997, 0.196302, 0.203602, 0.270099], 
              [0.316197, 0.164804, 0.288598, 0.230401]
            ]
          }, {
            "db": 0,
            "id": "filter122",
            "len": 13,
            "nsites": 920,
            "pwm": [
              [0.0714194, 0.0931171, 0.833237, 0.00222693], 
              [0.308394, 0.173208, 0.0779187, 0.440479], 
              [0.650422, 0.0357269, 0.199125, 0.114726], 
              [0.00112705, 0.029224, 0.904729, 0.0649201], 
              [0.977123, 0.00222671, 0.0195231, 0.00112694], 
              [0.00542712, 0.607122, 0.0357269, 0.351724], 
              [0.169909, 0.820238, 0.00872623, 0.00112705], 
              [0.376549, 0.22838, 0.0996064, 0.295466], 
              [0.240301, 0.301894, 0.217504, 0.240301], 
              [0.260799, 0.231602, 0.255399, 0.2522], 
              [0.298695, 0.224003, 0.188307, 0.288996], 
              [0.242401, 0.189407, 0.312793, 0.255399], 
              [0.315993, 0.214304, 0.239201, 0.230502]
            ]
          }, {
            "db": 0,
            "id": "filter123",
            "len": 13,
            "nsites": 4104,
            "pwm": [
              [0.281871, 0.0834957, 0.171885, 0.462749], 
              [0.00170588, 0.00270576, 0.064798, 0.93079], 
              [0.153602, 0.106603, 0.186202, 0.553593], 
              [0.876585, 0.0268054, 0.0304054, 0.0662045], 
              [0.617791, 0.0991037, 0.2663, 0.0168057], 
              [0.547993, 0.0175057, 0.00950586, 0.424996], 
              [0.66139, 0.2398, 0.0969037, 0.00190605], 
              [0.375859, 0.179884, 0.157487, 0.28677], 
              [0.319398, 0.180602, 0.203501, 0.296499], 
              [0.323298, 0.184002, 0.182602, 0.310099], 
              [0.314298, 0.176202, 0.205701, 0.303799], 
              [0.315198, 0.191601, 0.183802, 0.309399], 
              [0.320398, 0.180602, 0.198601, 0.300399]
            ]
          }, {
            "db": 0,
            "id": "filter124",
            "len": 13,
            "nsites": 1571,
            "pwm": [
              [0.0317171, 0.66794, 0.274926, 0.0254168], 
              [0.0159149, 0.0559124, 0.523783, 0.40439], 
              [0.014015, 0.0673116, 0.396791, 0.521883], 
              [0.394291, 0.0406133, 0.314296, 0.2508], 
              [0.2457, 0.644375, 0.0178148, 0.0921101], 
              [0.0902192, 0.526335, 0.339028, 0.0444175], 
              [0.598678, 0.0178148, 0.163805, 0.219702], 
              [0.304797, 0.206303, 0.261599, 0.227301], 
              [0.2546, 0.303497, 0.210802, 0.231101], 
              [0.331395, 0.212702, 0.210203, 0.2457], 
              [0.230501, 0.2514, 0.185404, 0.332695], 
              [0.235601, 0.224802, 0.298997, 0.240601], 
              [0.229824, 0.227324, 0.307927, 0.234924]
            ]
          }, {
            "db": 0,
            "id": "filter125",
            "len": 13,
            "nsites": 3014,
            "pwm": [
              [0.649022, 0.039803, 0.112693, 0.198482], 
              [0.0762058, 0.00630809, 0.913878, 0.00360817], 
              [0.157687, 0.524838, 0.107394, 0.21008], 
              [0.28497, 0.298868, 0.0540011, 0.36216], 
              [0.0335038, 0.242176, 0.572532, 0.151788], 
              [0.0719059, 0.528791, 0.166703, 0.232601], 
              [0.380396, 0.195802, 0.147803, 0.275999], 
              [0.2412, 0.199502, 0.273699, 0.285599], 
              [0.2551, 0.2502, 0.210701, 0.283999], 
              [0.243525, 0.250825, 0.224323, 0.281327], 
              [0.262773, 0.21138, 0.21538, 0.310467], 
              [0.245176, 0.276671, 0.201481, 0.276671], 
              [0.2459, 0.2555, 0.198102, 0.300498]
            ]
          }, {
            "db": 0,
            "id": "filter126",
            "len": 13,
            "nsites": 3098,
            "pwm": [
              [0.56129, 0.032207, 0.111204, 0.295299], 
              [0.282999, 0.0725057, 0.0974049, 0.54709], 
              [0.0580062, 0.499692, 0.0706058, 0.371696], 
              [0.377196, 0.336197, 0.281799, 0.00480791], 
              [0.546745, 0.423937, 0.0164092, 0.0129089], 
              [0.543136, 0.00680717, 0.444849, 0.00520738], 
              [0.16922, 0.0754132, 0.555846, 0.199522], 
              [0.2444, 0.331397, 0.194702, 0.229501], 
              [0.335597, 0.158603, 0.171503, 0.334297], 
              [0.323698, 0.2447, 0.206601, 0.225001], 
              [0.2534, 0.2379, 0.182502, 0.326198], 
              [0.268873, 0.176985, 0.178584, 0.375558], 
              [0.2408, 0.229501, 0.204401, 0.325298]
            ]
          }, {
            "db": 0,
            "id": "filter127",
            "len": 13,
            "nsites": 3339,
            "pwm": [
              [0.103504, 0.112504, 0.2423, 0.541691], 
              [0.850382, 0.00120745, 0.0123071, 0.136103], 
              [0.0667055, 0.083505, 0.691287, 0.158503], 
              [0.349662, 0.247075, 0.185183, 0.218079], 
              [0.0162054, 0.215679, 0.0413021, 0.726813], 
              [0.0921047, 0.0320065, 0.652088, 0.223801], 
              [0.419395, 0.0966046, 0.467793, 0.016207], 
              [0.308698, 0.173802, 0.2456, 0.271899], 
              [0.322498, 0.172902, 0.231501, 0.273099], 
              [0.283599, 0.188502, 0.199202, 0.328698], 
              [0.275499, 0.211801, 0.200401, 0.312298], 
              [0.305098, 0.178902, 0.204601, 0.311398], 
              [0.279399, 0.227601, 0.213001, 0.279999]
            ]
          }, {
            "db": 0,
            "id": "filter128",
            "len": 13,
            "nsites": 2620,
            "pwm": [
              [0.0179089, 0.0610072, 0.897475, 0.0236086], 
              [0.758056, 0.023211, 0.0663136, 0.152419], 
              [0.546143, 0.16122, 0.0133104, 0.279327], 
              [0.0282113, 0.32663, 0.642149, 0.00300973], 
              [0.787358, 0.00300973, 0.0431122, 0.16652], 
              [0.388295, 0.014909, 0.128005, 0.468792], 
              [0.013709, 0.0812064, 0.890976, 0.014109], 
              [0.295698, 0.208502, 0.2584, 0.2374], 
              [0.303728, 0.210023, 0.210723, 0.275527], 
              [0.320129, 0.200822, 0.245825, 0.233224], 
              [0.313266, 0.200482, 0.226378, 0.259874], 
              [0.309829, 0.200822, 0.217223, 0.272126], 
              [0.304528, 0.197022, 0.245425, 0.253025]
            ]
          }, {
            "db": 0,
            "id": "filter129",
            "len": 13,
            "nsites": 3693,
            "pwm": [
              [0.2483, 0.61779, 0.0400057, 0.0939042], 
              [0.375397, 0.2591, 0.199101, 0.166402], 
              [0.0146064, 0.363797, 0.548792, 0.0728048], 
              [0.0289089, 0.030809, 0.230724, 0.709559], 
              [0.2432, 0.448195, 0.2548, 0.0538053], 
              [0.170119, 0.418237, 0.0243085, 0.387335], 
              [0.00950651, 0.955081, 0.0197062, 0.0157063], 
              [0.295599, 0.295899, 0.0479055, 0.360597], 
              [0.226101, 0.295899, 0.215901, 0.2621], 
              [0.2424, 0.276199, 0.205801, 0.275599], 
              [0.229101, 0.279999, 0.226101, 0.2648], 
              [0.2478, 0.2675, 0.200701, 0.283999], 
              [0.2356, 0.302699, 0.199101, 0.2626]
            ]
          }, {
            "db": 0,
            "id": "filter13",
            "len": 13,
            "nsites": 2738,
            "pwm": [
              [0.754582, 0.0208084, 0.0226083, 0.202002], 
              [0.231924, 0.0346113, 0.725455, 0.00800964], 
              [0.00980975, 0.33373, 0.0109098, 0.64555], 
              [0.51969, 0.0941057, 0.207902, 0.178303], 
              [0.170303, 0.0660067, 0.594087, 0.169603], 
              [0.086406, 0.229401, 0.100705, 0.583488], 
              [0.587129, 0.206381, 0.0562015, 0.150289], 
              [0.345731, 0.17612, 0.184221, 0.293928], 
              [0.308529, 0.204222, 0.196922, 0.290328], 
              [0.330397, 0.191802, 0.185302, 0.292498], 
              [0.33593, 0.17722, 0.204222, 0.282627], 
              [0.332197, 0.199902, 0.188502, 0.279399], 
              [0.319797, 0.191502, 0.192202, 0.296498]
            ]
          }, {
            "db": 0,
            "id": "filter130",
            "len": 13,
            "nsites": 2084,
            "pwm": [
              [0.680979, 0.0479097, 0.0326104, 0.238501], 
              [0.332863, 0.0345069, 0.0752009, 0.55743], 
              [0.0297076, 0.000511922, 0.0647024, 0.905078], 
              [0.803173, 0.000511972, 0.108707, 0.0876078], 
              [0.356795, 0.0125114, 0.624482, 0.0062117], 
              [0.532586, 0.020611, 0.190603, 0.2562], 
              [0.118306, 0.570385, 0.00911156, 0.302197], 
              [0.35246, 0.189684, 0.121194, 0.336662], 
              [0.279199, 0.190103, 0.214602, 0.316097], 
              [0.316628, 0.185322, 0.181021, 0.317028], 
              [0.306997, 0.197803, 0.191103, 0.304097], 
              [0.325196, 0.172404, 0.193003, 0.309397], 
              [0.305597, 0.191103, 0.199202, 0.304097]
            ]
          }, {
            "db": 0,
            "id": "filter131",
            "len": 13,
            "nsites": 1479,
            "pwm": [
              [0.195504, 0.672271, 0.0115161, 0.120709], 
              [0.00341633, 0.378953, 0.047209, 0.570421], 
              [0.00401703, 0.196923, 0.788942, 0.0101172], 
              [0.0890109, 0.230601, 0.239401, 0.440987], 
              [0.483484, 0.202303, 0.0971103, 0.217102], 
              [0.39989, 0.0775117, 0.057313, 0.465285], 
              [0.0155159, 0.893456, 0.0816114, 0.00941627], 
              [0.323663, 0.260273, 0.0607067, 0.355357], 
              [0.240077, 0.263673, 0.211681, 0.284569], 
              [0.2535, 0.2468, 0.197604, 0.302096], 
              [0.272398, 0.213102, 0.2441, 0.270399], 
              [0.277098, 0.229301, 0.238001, 0.2556], 
              [0.295326, 0.234024, 0.214424, 0.256225]
            ]
          }, {
            "db": 0,
            "id": "filter132",
            "len": 13,
            "nsites": 2007,
            "pwm": [
              [0.140705, 0.0467101, 0.149705, 0.662879], 
              [0.028311, 0.386893, 0.0970076, 0.487788], 
              [0.169087, 0.00501171, 0.00401186, 0.821889], 
              [0.157605, 0.0119119, 0.589783, 0.2407], 
              [0.200402, 0.0134118, 0.633981, 0.152205], 
              [0.119806, 0.00801206, 0.802072, 0.070109], 
              [0.338596, 0.277499, 0.302797, 0.0811084], 
              [0.309297, 0.227701, 0.207902, 0.2551], 
              [0.303328, 0.210323, 0.215323, 0.271026], 
              [0.278499, 0.213302, 0.225801, 0.282398], 
              [0.260573, 0.186485, 0.273471, 0.279471], 
              [0.267499, 0.212302, 0.263099, 0.2571], 
              [0.270499, 0.233201, 0.238201, 0.2581]
            ]
          }, {
            "db": 0,
            "id": "filter133",
            "len": 13,
            "nsites": 1557,
            "pwm": [
              [0.176205, 0.00641564, 0.502184, 0.315196], 
              [0.438788, 0.0564124, 0.340194, 0.164605], 
              [0.0737113, 0.482985, 0.0743113, 0.368992], 
              [0.0423133, 0.153706, 0.39849, 0.40549], 
              [0.393991, 0.0301141, 0.0717115, 0.504184], 
              [0.0141151, 0.859661, 0.0929101, 0.0333139], 
              [0.312596, 0.176805, 0.2518, 0.258799], 
              [0.235101, 0.206903, 0.2447, 0.313296], 
              [0.266499, 0.2454, 0.213302, 0.274798], 
              [0.290226, 0.224224, 0.238925, 0.246625], 
              [0.284398, 0.210803, 0.212002, 0.292797], 
              [0.276726, 0.241525, 0.214624, 0.267126], 
              [0.280598, 0.207603, 0.235701, 0.276098]
            ]
          }, {
            "db": 0,
            "id": "filter134",
            "len": 13,
            "nsites": 8388,
            "pwm": [
              [0.318899, 0.0413025, 0.632895, 0.0069029], 
              [0.770417, 0.00350259, 0.162685, 0.0633959], 
              [0.304799, 0.0309026, 0.547296, 0.117002], 
              [0.352699, 0.148101, 0.0877019, 0.411498], 
              [0.349499, 0.2087, 0.150101, 0.2917], 
              [0.733594, 0.0175028, 0.127501, 0.121402], 
              [0.486897, 0.0499024, 0.2898, 0.173401], 
              [0.301969, 0.183482, 0.239276, 0.275272], 
