<!DOCTYPE HTML>
<html>
  <head>
    <meta charset="UTF-8">
    <title>TOMTOM</title>
    <script>
      // @JSON_VAR data
      var data = {
        "program": "Tomtom",
        "version": "5.0.3",
        "release": "Sun Dec 02 18:41:45 2018 -0800",
        "cmd": [
          "tomtom", "-dist", "ed", "-thresh", "0.05", "-oc",
          "results/Basset_noEmbd/Motif_Analysis/tomtom",
          "results/Basset_noEmbd/Motif_Analysis/filters_meme.txt",
          "/s/jawar/h/nobackup/fahad/MEME_SUITE/motif_databases/CIS-BP/Homo_sapiens.meme"
        ],
        "options": {
          "strands": "both",
          "distance_measure": "ed",
          "threshold_type": "qvalue",
          "threshold_value": 0.05,
          "background_source": "--query--"
        },
        "alphabet": {
          "name": "DNA",
          "like": "dna",
          "ncore": 4,
          "symbols": [
            {
              "symbol": "A",
              "name": "Adenine",
              "colour": "CC0000",
              "complement": "T"
            }, {
              "symbol": "C",
              "name": "Cytosine",
              "colour": "0000CC",
              "complement": "G"
            }, {
              "symbol": "G",
              "name": "Guanine",
              "colour": "FFB300",
              "complement": "C"
            }, {
              "symbol": "T",
              "aliases": "U",
              "name": "Thymine",
              "colour": "008000",
              "complement": "A"
            }, {
              "symbol": "N",
              "aliases": "X.",
              "name": "Any base",
              "equals": "ACGT"
            }, {
              "symbol": "V",
              "name": "Not T",
              "equals": "ACG"
            }, {
              "symbol": "H",
              "name": "Not G",
              "equals": "ACT"
            }, {
              "symbol": "D",
              "name": "Not C",
              "equals": "AGT"
            }, {
              "symbol": "B",
              "name": "Not A",
              "equals": "CGT"
            }, {
              "symbol": "M",
              "name": "Amino",
              "equals": "AC"
            }, {
              "symbol": "R",
              "name": "Purine",
              "equals": "AG"
            }, {
              "symbol": "W",
              "name": "Weak",
              "equals": "AT"
            }, {
              "symbol": "S",
              "name": "Strong",
              "equals": "CG"
            }, {
              "symbol": "Y",
              "name": "Pyrimidine",
              "equals": "CT"
            }, {
              "symbol": "K",
              "name": "Keto",
              "equals": "GT"
            }
          ]
        },
        "background": [0.25, 0.25, 0.25, 0.25],
        "query_dbs": [
          {
            "source": "results/Basset_noEmbd/Motif_Analysis/filters_meme.txt",
            "name": "filters_meme.txt",
            "loaded": 200,
            "excluded": 0,
            "last_modified": "Tue Aug 25 23:41:37 2020"
          }
        ],
        "target_dbs": [
          {
            "source": "/s/jawar/h/nobackup/fahad/MEME_SUITE/motif_databases/CIS-BP/Homo_sapiens.meme",
            "name": "Homo_sapiens",
            "loaded": 733,
            "excluded": 0,
            "last_modified": "Tue Aug 28 14:58:21 2018"
          }
        ],
        "queries": [
          {
            "db": 0,
            "id": "filter0",
            "len": 13,
            "nsites": 673,
            "pwm": [
              [0.258499, 0.178711, 0.553855, 0.00893582], 
              [0.243701, 0.121119, 0.305792, 0.329388], 
              [0.35005, 0.482917, 0.163996, 0.0030364], 
              [0.389979, 0.178711, 0.295393, 0.135917], 
              [0.462268, 0.0916235, 0.341186, 0.104922], 
              [0.703033, 0.0768257, 0.106421, 0.11372], 
              [0.020732, 0.0222316, 0.9555, 0.00153677], 
              [0.234902, 0.203807, 0.370782, 0.190509], 
              [0.234879, 0.276168, 0.292464, 0.196488], 
              [0.202387, 0.248175, 0.360348, 0.18909], 
              [0.251125, 0.249625, 0.326421, 0.172829], 
              [0.199408, 0.290994, 0.295393, 0.214205], 
              [0.197928, 0.255525, 0.398818, 0.14773]
            ]
          }, {
            "db": 0,
            "id": "filter1",
            "len": 13,
            "nsites": 501,
            "pwm": [
              [0.00994791, 0.00204949, 0.980054, 0.00794831], 
              [0.443561, 0.142621, 0.128724, 0.285093], 
              [0.326685, 0.403969, 0.0475404, 0.221806], 
              [0.0713357, 0.108928, 0.64942, 0.170316], 
              [0.10102, 0.0218434, 0.293062, 0.584075], 
              [0.0158467, 0.512848, 0.439562, 0.0317436], 
              [0.0139457, 0.039638, 0.932471, 0.0139457], 
              [0.225727, 0.265323, 0.318818, 0.190131], 
              [0.168316, 0.342582, 0.35048, 0.138622], 
              [0.190112, 0.267297, 0.370276, 0.172316], 
              [0.215807, 0.263397, 0.330684, 0.190112], 
              [0.182214, 0.291092, 0.34848, 0.178214], 
              [0.192112, 0.265297, 0.394071, 0.14852]
            ]
          }, {
            "db": 0,
            "id": "filter10",
            "len": 13,
            "nsites": 722,
            "pwm": [
              [0.199707, 0.111619, 0.641846, 0.0468281], 
              [0.484767, 0.161212, 0.0124329, 0.341587], 
              [0.415977, 0.00553386, 0.00553386, 0.572955], 
              [0.117118, 0.736833, 0.126717, 0.0193319], 
              [0.0399291, 0.731333, 0.165312, 0.0634258], 
              [0.0234337, 0.0275336, 0.0592323, 0.8898], 
              [0.0386293, 0.278196, 0.61155, 0.0716247], 
              [0.236926, 0.274124, 0.290623, 0.198327], 
              [0.2493, 0.256199, 0.265798, 0.228703], 
              [0.190108, 0.285095, 0.32229, 0.202507], 
              [0.225903, 0.274097, 0.318191, 0.181809], 
              [0.261698, 0.274097, 0.242401, 0.221804], 
              [0.202486, 0.293365, 0.325057, 0.179092]
            ]
          }, {
            "db": 0,
            "id": "filter100",
            "len": 13,
            "nsites": 1018,
            "pwm": [
              [0.915835, 0.0587188, 0.0186227, 0.00682389], 
              [0.0166229, 0.15171, 0.613464, 0.218203], 
              [0.103714, 0.480377, 0.155609, 0.260299], 
              [0.00492407, 0.478478, 0.193706, 0.322893], 
              [0.0284218, 0.946132, 0.0166229, 0.00882369], 
              [0.0528246, 0.558726, 0.136025, 0.252425], 
              [0.0558191, 0.793447, 0.0372209, 0.113513], 
              [0.252425, 0.354225, 0.175125, 0.218225], 
              [0.173208, 0.299395, 0.327792, 0.199605], 
              [0.169308, 0.363989, 0.277897, 0.188806], 
              [0.195725, 0.366925, 0.257325, 0.180025], 
              [0.172225, 0.365925, 0.259325, 0.202525], 
              [0.182007, 0.360089, 0.264199, 0.193706]
            ]
          }, {
            "db": 0,
            "id": "filter101",
            "len": 13,
            "nsites": 344,
            "pwm": [
              [0.123624, 0.499877, 0.0776423, 0.298856], 
              [0.227029, 0.071859, 0.680943, 0.0201688], 
              [0.183919, 0.574606, 0.183919, 0.0575559], 
              [0.0460593, 0.502827, 0.430947, 0.0201668], 
              [0.140832, 0.0144685, 0.660781, 0.183919], 
              [0.517122, 0.040261, 0.11214, 0.330477], 
              [0.21551, 0.201114, 0.232805, 0.350571], 
              [0.189699, 0.293058, 0.370628, 0.146615], 
              [0.178221, 0.307483, 0.235604, 0.278692], 
              [0.12075, 0.364903, 0.301715, 0.212632], 
              [0.163825, 0.31898, 0.356269, 0.160926], 
              [0.241402, 0.272993, 0.301685, 0.183919], 
              [0.132221, 0.318948, 0.341939, 0.206892]
            ]
          }, {
            "db": 0,
            "id": "filter102",
            "len": 13,
            "nsites": 299,
            "pwm": [
              [0.194718, 0.125442, 0.617077, 0.0627626], 
              [0.178224, 0.521409, 0.0396703, 0.260696], 
              [0.854598, 0.0627626, 0.0528659, 0.0297737], 
              [0.821609, 0.019877, 0.135338, 0.0231759], 
              [0.178242, 0.326707, 0.204636, 0.290416], 
              [0.0429735, 0.151848, 0.336605, 0.468574], 
              [0.254124, 0.48507, 0.224431, 0.0363751], 
              [0.277219, 0.257423, 0.234329, 0.231029], 
              [0.22773, 0.277219, 0.310211, 0.18484], 
              [0.250825, 0.257423, 0.264022, 0.22773], 
              [0.27062, 0.240927, 0.306912, 0.181541], 
              [0.254124, 0.260722, 0.267321, 0.217833], 
              [0.231029, 0.244226, 0.283817, 0.240927]
            ]
          }, {
            "db": 0,
            "id": "filter103",
            "len": 13,
            "nsites": 780,
            "pwm": [
              [0.700242, 0.0102307, 0.280596, 0.00893091], 
              [0.433676, 0.415779, 0.145413, 0.00513139], 
              [0.181109, 0.146713, 0.216804, 0.455374], 
              [0.00133175, 0.00133175, 0.860836, 0.136501], 
              [0.125016, 0.280596, 0.0982195, 0.496168], 
              [0.477019, 0.177327, 0.0344311, 0.311223], 
              [0.501268, 0.383883, 0.0421267, 0.0727227], 
              [0.256399, 0.2513, 0.242301, 0.25], 
              [0.234725, 0.279324, 0.289524, 0.196427], 
              [0.236002, 0.270397, 0.289495, 0.204106], 
              [0.262772, 0.260173, 0.278069, 0.198987], 
              [0.243601, 0.271697, 0.262798, 0.221904], 
              [0.219382, 0.225781, 0.31376, 0.241077]
            ]
          }, {
            "db": 0,
            "id": "filter104",
            "len": 13,
            "nsites": 1249,
            "pwm": [
              [0.109311, 0.691865, 0.186805, 0.0120191], 
              [0.437385, 0.0136189, 0.146808, 0.402188], 
              [0.0327174, 0.570574, 0.387089, 0.00961925], 
              [0.248175, 0.431742, 0.181187, 0.138895], 
              [0.0176168, 0.640005, 0.0471115, 0.295267], 
              [0.0710143, 0.2522, 0.116511, 0.560275], 
              [0.0255205, 0.450129, 0.250625, 0.273725], 
              [0.192305, 0.343992, 0.2442, 0.219502], 
              [0.173206, 0.316795, 0.304896, 0.205104], 
              [0.206703, 0.304096, 0.300896, 0.188305], 
              [0.214703, 0.302496, 0.276098, 0.206703], 
              [0.186005, 0.312795, 0.284897, 0.216303], 
              [0.187524, 0.316826, 0.273725, 0.221924]
            ]
          }, {
            "db": 0,
            "id": "filter105",
            "len": 13,
            "nsites": 551,
            "pwm": [
              [0.090129, 0.0919287, 0.724214, 0.0937284], 
              [0.0396421, 0.00904463, 0.92067, 0.0306429], 
              [0.563999, 0.0468416, 0.344117, 0.0450417], 
              [0.144119, 0.52605, 0.272096, 0.0577349], 
              [0.0324395, 0.0865297, 0.85579, 0.0252408], 
              [0.0631339, 0.0991274, 0.722414, 0.115324], 
              [0.454063, 0.0252408, 0.500854, 0.0198418], 
              [0.182012, 0.239602, 0.466661, 0.111725], 
              [0.212586, 0.257673, 0.369341, 0.1604], 
              [0.147719, 0.30629, 0.356781, 0.189211], 
              [0.156817, 0.279295, 0.41437, 0.149518], 
              [0.169415, 0.290093, 0.396373, 0.144119], 
              [0.223405, 0.2523, 0.394574, 0.129722]
            ]
          }, {
            "db": 0,
            "id": "filter106",
            "len": 13,
            "nsites": 472,
            "pwm": [
              [0.489449, 0.0336458, 0.266796, 0.210108], 
              [0.0336458, 0.686907, 0.098732, 0.180715], 
              [0.0273472, 0.718401, 0.00635162, 0.2479], 
              [0.121839, 0.035749, 0.102941, 0.73947], 
              [0.212208, 0.00425207, 0.258398, 0.525142], 
              [0.11554, 0.29202, 0.11974, 0.4727], 
              [0.262597, 0.0483427, 0.0273472, 0.661713], 
              [0.15762, 0.29619, 0.233204, 0.312987], 
              [0.180715, 0.321385, 0.222706, 0.275195], 
              [0.195412, 0.268896, 0.258398, 0.277294], 
              [0.197511, 0.310887, 0.239502, 0.2521], 
              [0.195412, 0.277294, 0.241602, 0.285692], 
              [0.243701, 0.243701, 0.245801, 0.266796]
            ]
          }, {
            "db": 0,
            "id": "filter107",
            "len": 13,
            "nsites": 424,
            "pwm": [
              [0.259324, 0.450898, 0.177635, 0.112144], 
              [0.119231, 0.109833, 0.0467479, 0.724188], 
              [0.0841391, 0.308386, 0.563026, 0.0444485], 
              [0.315416, 0.551384, 0.00935769, 0.123842], 
              [0.595718, 0.343478, 0.0514468, 0.00935676], 
              [0.724188, 0.0164551, 0.175218, 0.0841391], 
              [0.0421448, 0.170602, 0.0584393, 0.728814], 
              [0.177617, 0.299088, 0.310686, 0.212609], 
              [0.219607, 0.268696, 0.266396, 0.245301], 
              [0.222007, 0.282692, 0.238303, 0.256998], 
              [0.254699, 0.284992, 0.263997, 0.196313], 
              [0.217308, 0.29209, 0.256998, 0.233604], 
              [0.228982, 0.29436, 0.247676, 0.228982]
            ]
          }, {
            "db": 0,
            "id": "filter108",
            "len": 13,
            "nsites": 524,
            "pwm": [
              [0.00384698, 0.56244, 0.240502, 0.193211], 
              [0.223527, 0.677986, 0.0473434, 0.0511431], 
              [0.126923, 0.0114455, 0.0568369, 0.804794], 
              [0.0549372, 0.30489, 0.128823, 0.51135], 
              [0.0152433, 0.382536, 0.558585, 0.043635], 
              [0.857798, 0.0152433, 0.102318, 0.0246405], 
              [0.00574661, 0.0966293, 0.613531, 0.284093], 
              [0.179913, 0.266997, 0.357979, 0.19511], 
              [0.268896, 0.223505, 0.25, 0.257599], 
              [0.187531, 0.331418, 0.242426, 0.238626], 
              [0.202689, 0.356044, 0.244277, 0.19699], 
              [0.225405, 0.289792, 0.236703, 0.2481], 
              [0.189412, 0.280294, 0.293592, 0.236703]
            ]
          }, {
            "db": 0,
            "id": "filter109",
            "len": 13,
            "nsites": 157,
            "pwm": [
              [0.111888, 0.0436314, 0.248401, 0.59608], 
              [0.614668, 0.0622196, 0.0125512, 0.310561], 
              [0.291873, 0.614668, 0.0374354, 0.0560236], 
              [0.279509, 0.633319, 0.0622258, 0.0249458], 
              [0.105692, 0.0746117, 0.813341, 0.00635519], 
              [0.0871038, 0.229813, 0.229813, 0.453271], 
              [0.192537, 0.149164, 0.105692, 0.552607], 
              [0.205029, 0.267089, 0.304265, 0.223617], 
              [0.211225, 0.385014, 0.248401, 0.15536], 
              [0.267089, 0.273285, 0.217421, 0.242205], 
              [0.217421, 0.267089, 0.347738, 0.167752], 
              [0.205029, 0.353934, 0.260893, 0.180144], 
              [0.248426, 0.242229, 0.248426, 0.260919]
            ]
          }, {
            "db": 0,
            "id": "filter11",
            "len": 13,
            "nsites": 443,
            "pwm": [
              [0.00225592, 0.854464, 0.0112539, 0.132027], 
              [0.793998, 0.190194, 0.0112528, 0.00455496], 
              [0.411564, 0.0224514, 0.241602, 0.324383], 
              [0.174517, 0.769483, 0.0134534, 0.0425468], 
              [0.123041, 0.483196, 0.0179542, 0.375809], 
              [0.662107, 0.226005, 0.109632, 0.00225592], 
              [0.0783387, 0.228205, 0.136526, 0.556931], 
              [0.221506, 0.252799, 0.324383, 0.201311], 
              [0.190194, 0.26397, 0.288562, 0.257273], 
              [0.228205, 0.306487, 0.279593, 0.185715], 
              [0.190194, 0.317653, 0.259472, 0.232681], 
              [0.250575, 0.293061, 0.259472, 0.196892], 
              [0.223728, 0.315417, 0.255024, 0.205831]
            ]
          }, {
            "db": 0,
            "id": "filter110",
            "len": 13,
            "nsites": 728,
            "pwm": [
              [0.204906, 0.278696, 0.202207, 0.314191], 
              [0.00553358, 0.624249, 0.0697248, 0.300493], 
              [0.0669251, 0.0355295, 0.0697248, 0.827821], 
              [0.0273306, 0.76223, 0.195407, 0.0150323], 
              [0.196707, 0.700738, 0.00143414, 0.10112], 
              [0.0902219, 0.502665, 0.00963302, 0.39748], 
              [0.581896, 0.214483, 0.0342262, 0.169394], 
              [0.203586, 0.303262, 0.288266, 0.204886], 
              [0.218626, 0.308723, 0.252725, 0.219926], 
              [0.195407, 0.345587, 0.236302, 0.222704], 
              [0.210405, 0.311492, 0.237702, 0.240401], 
              [0.17621, 0.314191, 0.310092, 0.199507], 
              [0.213105, 0.32239, 0.275996, 0.188508]
            ]
          }, {
            "db": 0,
            "id": "filter111",
            "len": 13,
            "nsites": 221,
            "pwm": [
              [0.937489, 0.017905, 0.00451108, 0.040095], 
              [0.346656, 0.475498, 0.044493, 0.133353], 
              [0.813045, 0.048991, 0.106765, 0.031199], 
              [0.0134071, 0.040095, 0.168937, 0.777561], 
              [0.275588, 0.164439, 0.524276, 0.035697], 
              [0.0978688, 0.6931, 0.142249, 0.0667829], 
              [0.661947, 0.0667762, 0.0356934, 0.235583], 
              [0.226688, 0.239981, 0.346622, 0.18671], 
              [0.319968, 0.213317, 0.27109, 0.195625], 
              [0.213317, 0.27109, 0.297778, 0.217815], 
              [0.29331, 0.284413, 0.200043, 0.222235], 
              [0.217815, 0.279986, 0.29328, 0.208919], 
              [0.275588, 0.302176, 0.200023, 0.222213]
            ]
          }, {
            "db": 0,
            "id": "filter112",
            "len": 13,
            "nsites": 522,
            "pwm": [
              [0.277595, 0.0760333, 0.317487, 0.328885], 
              [0.154018, 0.593134, 0.0760333, 0.176814], 
              [0.0875311, 0.0437395, 0.00194752, 0.866782], 
              [0.0209439, 0.623528, 0.0589366, 0.296591], 
              [0.954265, 0.0228435, 0.00954606, 0.0133453], 
              [0.463859, 0.0951297, 0.368777, 0.0722341], 
              [0.543644, 0.102728, 0.00954606, 0.344082], 
              [0.273795, 0.233803, 0.264297, 0.228104], 
              [0.264297, 0.249, 0.212907, 0.273795], 
              [0.228127, 0.323218, 0.207229, 0.241426], 
              [0.250975, 0.256673, 0.224282, 0.26807], 
              [0.279494, 0.230004, 0.235703, 0.254799], 
              [0.275695, 0.247101, 0.220506, 0.256699]
            ]
          }, {
            "db": 0,
            "id": "filter113",
            "len": 13,
            "nsites": 1087,
            "pwm": [
              [0.644364, 0.291496, 0.0247207, 0.0394194], 
              [0.35469, 0.303395, 0.124712, 0.217203], 
              [0.13841, 0.0202211, 0.68096, 0.160408], 
              [0.0550179, 0.263999, 0.531574, 0.149409], 
              [0.124699, 0.601208, 0.103603, 0.17049], 
              [0.286897, 0.161308, 0.395987, 0.155809], 
              [0.0568178, 0.209004, 0.641564, 0.0926145], 
              [0.197985, 0.302465, 0.325361, 0.17419], 
              [0.185187, 0.319862, 0.330859, 0.164091], 
              [0.194325, 0.297925, 0.306125, 0.201625], 
              [0.176007, 0.338192, 0.311594, 0.174207], 
              [0.186106, 0.306095, 0.331792, 0.176007], 
              [0.195205, 0.285997, 0.333592, 0.185206]
            ]
          }, {
            "db": 0,
            "id": "filter114",
            "len": 13,
            "nsites": 359,
            "pwm": [
              [0.87024, 0.0634456, 0.0579477, 0.00836648], 
              [0.00286884, 0.184618, 0.790449, 0.0220635], 
              [0.0303582, 0.118525, 0.220386, 0.630731], 
              [0.0220657, 0.33331, 0.553671, 0.0909534], 
              [0.132233, 0.804246, 0.0551543, 0.00836731], 
              [0.110239, 0.291988, 0.10474, 0.493032], 
              [0.50133, 0.00286884, 0.126734, 0.369067], 
              [0.181801, 0.26447, 0.380126, 0.173604], 
              [0.195615, 0.291988, 0.289289, 0.223107], 
              [0.201114, 0.28649, 0.283691, 0.228706], 
              [0.239679, 0.294758, 0.261671, 0.203892], 
              [0.228683, 0.286461, 0.294758, 0.190098], 
              [0.2507, 0.316781, 0.236904, 0.195615]
            ]
          }, {
            "db": 0,
            "id": "filter115",
            "len": 13,
            "nsites": 275,
            "pwm": [
              [0.487365, 0.258071, 0.186404, 0.0681593], 
              [0.0466739, 0.637859, 0.0394766, 0.275991], 
              [0.0753635, 0.455125, 0.0896583, 0.379853], 
              [0.132656, 0.716702, 0.129057, 0.0215852], 
              [0.093257, 0.093257, 0.0287804, 0.784706], 
              [0.584079, 0.0609687, 0.344066, 0.010887], 
              [0.0968557, 0.129044, 0.361959, 0.412141], 
              [0.175627, 0.265194, 0.351263, 0.207915], 
              [0.225809, 0.265194, 0.258097, 0.2509], 
              [0.197139, 0.30821, 0.254524, 0.240128], 
              [0.215113, 0.261596, 0.254498, 0.268793], 
              [0.240104, 0.265194, 0.30468, 0.190022], 
              [0.2509, 0.283188, 0.290285, 0.175627]
            ]
          }, {
            "db": 0,
            "id": "filter116",
            "len": 13,
            "nsites": 405,
            "pwm": [
              [0.210289, 0.0147566, 0.036749, 0.738206], 
              [0.0685448, 0.198013, 0.0954382, 0.638004], 
              [0.415559, 0.0269551, 0.0196569, 0.537829], 
              [0.173636, 0.171137, 0.28362, 0.371607], 
              [0.063646, 0.826258, 0.0733436, 0.0367527], 
              [0.427813, 0.276266, 0.085632, 0.210289], 
              [0.110035, 0.0367527, 0.806663, 0.0465502], 
              [0.2494, 0.281192, 0.293389, 0.176018], 
              [0.271395, 0.286091, 0.239603, 0.202912], 
              [0.244501, 0.237203, 0.268895, 0.2494], 
              [0.200512, 0.295789, 0.266496, 0.237203], 
              [0.217608, 0.303187, 0.239603, 0.239603], 
              [0.224929, 0.317815, 0.244526, 0.21273]
            ]
          }, {
            "db": 0,
            "id": "filter117",
            "len": 13,
            "nsites": 423,
            "pwm": [
              [0.00705743, 0.775076, 0.0937369, 0.12413], 
              [0.845259, 0.0351508, 0.0539463, 0.0656436], 
              [0.0117575, 0.0351543, 0.203731, 0.749357], 
              [0.231881, 0.0867299, 0.667235, 0.0141543], 
              [0.222484, 0.444909, 0.23418, 0.098426], 
              [0.782152, 0.0351543, 0.0304549, 0.152238], 
              [0.0422491, 0.0562458, 0.683697, 0.217808], 
              [0.264597, 0.234204, 0.341878, 0.159321], 
              [0.241202, 0.271695, 0.245901, 0.241202], 
              [0.236527, 0.311517, 0.276321, 0.175635], 
              [0.20611, 0.299788, 0.29269, 0.201411], 
              [0.231904, 0.297389, 0.285692, 0.185015], 
              [0.192014, 0.323183, 0.313785, 0.171019]
            ]
          }, {
            "db": 0,
            "id": "filter118",
            "len": 13,
            "nsites": 536,
            "pwm": [
              [0.227804, 0.374077, 0.298091, 0.100028], 
              [0.051937, 0.00564559, 0.498054, 0.444364], 
              [0.205608, 0.0241421, 0.748007, 0.0222425], 
              [0.0593296, 0.00744451, 0.916484, 0.0167418], 
              [0.0630349, 0.00744525, 0.922075, 0.00744525], 
              [0.0333404, 0.903578, 0.0426387, 0.0204428], 
              [0.0352365, 0.0241397, 0.00564503, 0.934979], 
              [0.109326, 0.283294, 0.444364, 0.163016], 
              [0.185231, 0.298121, 0.322219, 0.19443], 
              [0.205608, 0.240702, 0.374077, 0.179613], 
              [0.201909, 0.253699, 0.361079, 0.183312], 
              [0.19441, 0.261098, 0.342583, 0.201909], 
              [0.168515, 0.262998, 0.335184, 0.233303]
            ]
          }, {
            "db": 0,
            "id": "filter119",
            "len": 13,
            "nsites": 293,
            "pwm": [
              [0.393851, 0.165029, 0.430938, 0.0101818], 
              [0.175126, 0.622773, 0.148135, 0.0539669], 
              [0.98295, 0.00678301, 0.00348414, 0.00678301], 
              [0.121232, 0.0034838, 0.871801, 0.0034838], 
              [0.181841, 0.107759, 0.444378, 0.266021], 
              [0.178507, 0.55544, 0.154917, 0.111136], 
              [0.555496, 0.030375, 0.171727, 0.242403], 
              [0.235705, 0.286188, 0.316477, 0.16163], 
              [0.279462, 0.265968, 0.23908, 0.21549], 
              [0.245801, 0.255898, 0.350166, 0.148135], 
              [0.353465, 0.259297, 0.202016, 0.185222], 
              [0.276063, 0.228984, 0.249175, 0.245777], 
              [0.259271, 0.225586, 0.316446, 0.198698]
            ]
          }, {
            "db": 0,
            "id": "filter12",
            "len": 13,
            "nsites": 747,
            "pwm": [
              [0.110519, 0.131816, 0.605852, 0.151813], 
              [0.0546316, 0.00533328, 0.925402, 0.014633], 
              [0.2517, 0.145114, 0.127816, 0.47537], 
              [0.454027, 0.310261, 0.222381, 0.0133304], 
              [0.752233, 0.0253301, 0.070624, 0.151813], 
              [0.38882, 0.215726, 0.380821, 0.014633], 
              [0.460672, 0.0240303, 0.469971, 0.0453274], 
              [0.246325, 0.186427, 0.415419, 0.151828], 
              [0.2463, 0.2517, 0.338188, 0.163812], 
              [0.258299, 0.262298, 0.302293, 0.17711], 
              [0.254299, 0.206406, 0.342188, 0.197107], 
              [0.237002, 0.278296, 0.304893, 0.179809], 
              [0.235702, 0.245001, 0.354186, 0.165111]
            ]
          }, {
            "db": 0,
            "id": "filter120",
            "len": 13,
            "nsites": 568,
            "pwm": [
              [0.101426, 0.615336, 0.211507, 0.0717314], 
              [0.0874286, 0.489458, 0.326886, 0.0962271], 
              [0.487709, 0.0350343, 0.325154, 0.152102], 
              [0.0332382, 0.926481, 0.00874247, 0.0315385], 
              [0.00354339, 0.76391, 0.229004, 0.00354339], 
              [0.111924, 0.202808, 0.351382, 0.333885], 
              [0.0227377, 0.0857204, 0.59258, 0.298961], 
              [0.146918, 0.340884, 0.377578, 0.13462], 
              [0.232526, 0.302421, 0.272723, 0.192329], 
              [0.138106, 0.386337, 0.298961, 0.176595], 
              [0.17833, 0.354917, 0.305921, 0.160832], 
              [0.202808, 0.295492, 0.312889, 0.188811], 
              [0.187111, 0.323387, 0.330386, 0.159116]
            ]
          }, {
            "db": 0,
            "id": "filter121",
            "len": 13,
            "nsites": 925,
            "pwm": [
              [0.00432656, 0.103316, 0.881532, 0.0108259], 
              [0.290596, 0.0883175, 0.0861177, 0.534969], 
              [0.223903, 0.405783, 0.198106, 0.172208], 
              [0.119502, 0.32186, 0.458532, 0.100106], 
              [0.588763, 0.0431224, 0.0710193, 0.297095], 
              [0.299195, 0.146411, 0.257299, 0.297095], 
              [0.00322668, 0.0398227, 0.954724, 0.00222679], 
              [0.2487, 0.221703, 0.34549, 0.184107], 
              [0.203425, 0.280925, 0.336924, 0.178726], 
              [0.174408, 0.288496, 0.383186, 0.15391], 
              [0.244325, 0.232525, 0.301425, 0.221725], 
              [0.218525, 0.262625, 0.342324, 0.176526], 
              [0.201305, 0.300295, 0.363788, 0.134612]
            ]
          }, {
            "db": 0,
            "id": "filter122",
            "len": 13,
            "nsites": 810,
            "pwm": [
              [0.0614233, 0.149912, 0.787434, 0.00123071], 
              [0.308362, 0.214983, 0.149897, 0.326758], 
              [0.523214, 0.105707, 0.256773, 0.114305], 
              [0.00123071, 0.0467251, 0.917618, 0.0344266], 
              [0.929916, 0.00982965, 0.0577237, 0.00253055], 
              [0.014729, 0.696545, 0.0651228, 0.223603], 
              [0.120416, 0.839027, 0.039326, 0.00123071], 
              [0.228526, 0.350123, 0.148627, 0.272724], 
              [0.176909, 0.311992, 0.305893, 0.205206], 
              [0.205185, 0.27147, 0.386944, 0.1364], 
              [0.235878, 0.253074, 0.304663, 0.206385], 
              [0.174409, 0.298494, 0.33049, 0.196607], 
              [0.160911, 0.341489, 0.335389, 0.162211]
            ]
          }, {
            "db": 0,
            "id": "filter123",
            "len": 13,
            "nsites": 563,
            "pwm": [
              [0.222227, 0.18693, 0.282222, 0.30862], 
              [0.0018439, 0.00354343, 0.12351, 0.871103], 
              [0.128722, 0.185212, 0.326286, 0.359781], 
              [0.802402, 0.0617334, 0.0653328, 0.0705319], 
              [0.462062, 0.116424, 0.396774, 0.02474], 
              [0.509654, 0.0353381, 0.0388375, 0.41617], 
              [0.490208, 0.320955, 0.181694, 0.00714243], 
              [0.289222, 0.232826, 0.208128, 0.269823], 
              [0.280423, 0.232826, 0.255725, 0.231026], 
              [0.253974, 0.209886, 0.296262, 0.239878], 
              [0.280423, 0.236326, 0.266324, 0.216928], 
              [0.266297, 0.2522, 0.2487, 0.232803], 
              [0.266297, 0.234603, 0.294492, 0.204608]
            ]
          }, {
            "db": 0,
            "id": "filter124",
            "len": 13,
            "nsites": 710,
            "pwm": [
              [0.0322307, 0.640045, 0.315091, 0.0126334], 
              [0.00423461, 0.0252317, 0.803822, 0.166712], 
              [0.0252342, 0.12323, 0.525214, 0.326322], 
              [0.344521, 0.0952313, 0.37392, 0.186328], 
              [0.203107, 0.732432, 0.00983383, 0.0546275], 
              [0.0490283, 0.495765, 0.435574, 0.0196324], 
              [0.425775, 0.0658259, 0.303892, 0.204506], 
              [0.165312, 0.306692, 0.347286, 0.18071], 
              [0.158313, 0.341687, 0.379582, 0.120418], 
              [0.190508, 0.299693, 0.313691, 0.196108], 
              [0.148514, 0.347286, 0.309492, 0.194708], 
              [0.149914, 0.358485, 0.345886, 0.145715], 
              [0.194708, 0.303892, 0.32209, 0.17931]
            ]
          }, {
            "db": 0,
            "id": "filter125",
            "len": 13,
            "nsites": 933,
            "pwm": [
              [0.479175, 0.100316, 0.291396, 0.129113], 
              [0.0459219, 0.0149252, 0.929527, 0.00962576], 
              [0.0811181, 0.663756, 0.139812, 0.115314], 
              [0.266798, 0.361788, 0.06302, 0.308394], 
              [0.0245242, 0.309494, 0.593363, 0.072619], 
              [0.035223, 0.630659, 0.218803, 0.115314], 
              [0.277497, 0.259299, 0.217703, 0.2455], 
              [0.168609, 0.275297, 0.323392, 0.232702], 
              [0.161193, 0.360652, 0.313762, 0.164393], 
              [0.198506, 0.299895, 0.271098, 0.230502], 
              [0.190006, 0.322292, 0.287096, 0.200605], 
              [0.17929, 0.364951, 0.284968, 0.170791], 
              [0.186788, 0.303064, 0.287067, 0.223081]
            ]
          }, {
            "db": 0,
            "id": "filter126",
            "len": 13,
            "nsites": 900,
            "pwm": [
              [0.399283, 0.0819187, 0.226803, 0.291995], 
              [0.256599, 0.141612, 0.227902, 0.373886], 
              [0.0531272, 0.519922, 0.132726, 0.294225], 
              [0.251125, 0.293125, 0.450223, 0.00552771], 
              [0.497772, 0.454577, 0.0365237, 0.0111265], 
              [0.348489, 0.0221253, 0.624958, 0.00442729], 
              [0.118415, 0.113915, 0.638257, 0.129413], 
              [0.193606, 0.300894, 0.326292, 0.179208], 
              [0.2511, 0.270998, 0.268798, 0.209105], 
              [0.213504, 0.335191, 0.276497, 0.174808], 
              [0.191407, 0.291995, 0.298695, 0.217904], 
              [0.214582, 0.264372, 0.313062, 0.207984], 
              [0.192487, 0.279869, 0.334057, 0.193587]
            ]
          }, {
            "db": 0,
            "id": "filter127",
            "len": 13,
            "nsites": 690,
            "pwm": [
              [0.0994218, 0.239202, 0.393379, 0.267997], 
              [0.826934, 0.0101338, 0.013033, 0.1499], 
              [0.0259325, 0.108121, 0.776624, 0.0893233], 
              [0.211806, 0.368883, 0.282395, 0.136916], 
              [0.0202333, 0.308392, 0.0749254, 0.59645], 
              [0.0663332, 0.0360346, 0.730503, 0.167129], 
              [0.260772, 0.132604, 0.590692, 0.0159323], 
              [0.2493, 0.2478, 0.296793, 0.206106], 
              [0.220504, 0.243501, 0.337187, 0.198807], 
              [0.223304, 0.259399, 0.312691, 0.204607], 
              [0.224826, 0.286723, 0.265124, 0.223326], 
              [0.194508, 0.276696, 0.328489, 0.200307], 
              [0.195988, 0.301162, 0.316959, 0.185891]
            ]
          }, {
            "db": 0,
            "id": "filter128",
            "len": 13,
            "nsites": 852,
            "pwm": [
              [0.00702852, 0.0946182, 0.883126, 0.0152276], 
              [0.718445, 0.0280261, 0.107517, 0.146012], 
              [0.471974, 0.280396, 0.00932825, 0.238301], 
              [0.0117268, 0.323559, 0.663485, 0.00122908], 
              [0.769839, 0.00232907, 0.071321, 0.156511], 
              [0.348088, 0.0397247, 0.213804, 0.398383], 
              [0.00582866, 0.0748206, 0.912322, 0.00702852], 
              [0.275697, 0.227803, 0.33529, 0.16121], 
              [0.22778, 0.262872, 0.302564, 0.206784], 
              [0.174109, 0.277997, 0.405382, 0.142513], 
              [0.233602, 0.224303, 0.279197, 0.262898], 
              [0.197426, 0.289724, 0.315424, 0.197426], 
              [0.207926, 0.303724, 0.354023, 0.134327]
            ]
          }, {
            "db": 0,
            "id": "filter129",
            "len": 13,
            "nsites": 1856,
            "pwm": [
              [0.189203, 0.715075, 0.0398113, 0.0559105], 
              [0.269899, 0.330596, 0.261299, 0.138206], 
              [0.0108118, 0.381655, 0.560727, 0.0468063], 
              [0.0349151, 0.0618163, 0.376931, 0.526338], 
              [0.197823, 0.488736, 0.262926, 0.0505158], 
              [0.130106, 0.553784, 0.0204124, 0.295698], 
              [0.00751307, 0.953162, 0.0285119, 0.0108129], 
              [0.217724, 0.434934, 0.109119, 0.238224], 
              [0.171004, 0.361794, 0.2548, 0.212402], 
              [0.190322, 0.36613, 0.239225, 0.204323], 
              [0.189822, 0.341929, 0.279026, 0.189222], 
              [0.172587, 0.358558, 0.266672, 0.202182], 
              [0.170404, 0.384893, 0.273699, 0.171004]
            ]
          }, {
            "db": 0,
            "id": "filter13",
            "len": 13,
            "nsites": 288,
            "pwm": [
              [0.695115, 0.0479749, 0.0445758, 0.212334], 
              [0.10625, 0.0582666, 0.8251, 0.0103832], 
              [0.013782, 0.558093, 0.0445713, 0.383554], 
              [0.421141, 0.154133, 0.25, 0.174726], 
              [0.123344, 0.0788594, 0.698444, 0.0993523], 
              [0.0856571, 0.383554, 0.157532, 0.373257], 
              [0.482819, 0.30818, 0.0582666, 0.150734], 
              [0.273992, 0.178125, 0.311579, 0.236305], 
              [0.184941, 0.345901, 0.297913, 0.171244], 
              [0.260296, 0.226008, 0.243202, 0.270493], 
              [0.260296, 0.236305, 0.311579, 0.19182], 
              [0.232906, 0.321875, 0.256798, 0.188421], 
              [0.297883, 0.246601, 0.232906, 0.22261]
            ]
          }, {
            "db": 0,
            "id": "filter130",
            "len": 13,
            "nsites": 664,
            "pwm": [
              [0.529911, 0.128731, 0.0808336, 0.260524], 
              [0.264998, 0.0883243, 0.230503, 0.416175], 
              [0.0674275, 0.00153742, 0.229003, 0.702032], 
              [0.652574, 0.00153727, 0.272469, 0.0734193], 
              [0.205086, 0.0180331, 0.772344, 0.00453652], 
              [0.399677, 0.0434311, 0.335287, 0.221604], 
              [0.10931, 0.701962, 0.0150339, 0.173694], 
              [0.285923, 0.279923, 0.191628, 0.242525], 
              [0.202107, 0.285895, 0.297893, 0.214105], 
              [0.244001, 0.258999, 0.260498, 0.236502], 
              [0.239526, 0.199128, 0.330821, 0.230526], 
              [0.252974, 0.214084, 0.321857, 0.211085], 
              [0.227503, 0.260498, 0.267997, 0.244001]
            ]
          }, {
            "db": 0,
            "id": "filter131",
            "len": 13,
            "nsites": 752,
            "pwm": [
              [0.104519, 0.802826, 0.0225302, 0.0701239], 
              [0.00263315, 0.624313, 0.068831, 0.304223], 
              [0.00263315, 0.227526, 0.761908, 0.00793298], 
              [0.0503215, 0.342553, 0.318759, 0.288366], 
              [0.374321, 0.279124, 0.165328, 0.181227], 
              [0.294994, 0.168011, 0.140215, 0.39678], 
              [0.0119305, 0.892725, 0.091312, 0.00403231], 
              [0.256599, 0.341288, 0.128316, 0.273797], 
              [0.146828, 0.328022, 0.310823, 0.214326], 
              [0.17331, 0.367684, 0.300293, 0.158712], 
              [0.201107, 0.285695, 0.308192, 0.205006], 
              [0.209005, 0.306892, 0.284395, 0.199707], 
              [0.161412, 0.361085, 0.290995, 0.186508]
            ]
          }, {
            "db": 0,
            "id": "filter132",
            "len": 13,
            "nsites": 816,
            "pwm": [
              [0.104918, 0.0829205, 0.265898, 0.546264], 
              [0.0354263, 0.527966, 0.16461, 0.271997], 
              [0.174409, 0.0329266, 0.0171285, 0.775536], 
              [0.122016, 0.029327, 0.714543, 0.134114], 
              [0.142713, 0.0122291, 0.734041, 0.111017], 
              [0.08662, 0.0183284, 0.854826, 0.0402257], 
              [0.241501, 0.301194, 0.396282, 0.0610232], 
              [0.207305, 0.275597, 0.297594, 0.219504], 
              [0.200006, 0.281696, 0.306093, 0.212205], 
              [0.187808, 0.280496, 0.319491, 0.212205], 
              [0.192707, 0.282896, 0.348788, 0.175609], 
              [0.204906, 0.258499, 0.359787, 0.176809], 
              [0.204906, 0.275597, 0.325591, 0.193907]
            ]
          }, {
            "db": 0,
            "id": "filter133",
            "len": 13,
            "nsites": 409,
            "pwm": [
              [0.0799416, 0.00246052, 0.808563, 0.109034], 
              [0.382568, 0.0847404, 0.397064, 0.135628], 
              [0.0678445, 0.653701, 0.118632, 0.159822], 
              [0.0339528, 0.196113, 0.593116, 0.176818], 
              [0.343777, 0.0630457, 0.179217, 0.41396], 
              [0.0145576, 0.849753, 0.12593, 0.00975874], 
              [0.164637, 0.205831, 0.510887, 0.118644], 
              [0.205811, 0.280892, 0.317184, 0.196113], 
              [0.123531, 0.37287, 0.329281, 0.174319], 
              [0.179199, 0.324449, 0.35104, 0.145311], 
              [0.232428, 0.300218, 0.261523, 0.205831], 
              [0.116233, 0.360773, 0.33168, 0.191314], 
              [0.184035, 0.322015, 0.309916, 0.184035]
            ]
          }, {
            "db": 0,
            "id": "filter134",
            "len": 13,
            "nsites": 1113,
            "pwm": [
              [0.131611, 0.0591172, 0.80385, 0.00542197], 
              [0.623066, 0.00542197, 0.330293, 0.0412188], 
              [0.167407, 0.0358192, 0.739456, 0.0573173], 
              [0.290967, 0.22558, 0.179088, 0.304365], 
              [0.261399, 0.284697, 0.257799, 0.196105], 
              [0.615867, 0.0286199, 0.234601, 0.120912], 
              [0.334792, 0.0591172, 0.509377, 0.0967138], 
              [0.210383, 0.213982, 0.38135, 0.194286], 
              [0.263199, 0.242601, 0.303495, 0.190705], 
